1.926881097266492648e-01 7.365304742586690212e-01 0.000000000000000000e+00
1.806334841628959298e-01 7.267255269837766818e-01 1.000000000000000000e+00
2.064145172800489481e-01 7.306575593842389305e-01 3.000000000000000000e+00
2.101398105792152693e-01 7.208079376328844212e-01 4.000000000000000000e+00
2.203843332844359626e-01 7.723558750183364685e-01 6.000000000000000000e+00
1.943004769475357718e-01 7.291295707472177368e-01 7.000000000000000000e+00
1.599773997112185209e-01 7.042990771548748308e-01 8.000000000000000000e+00
2.612435500515996045e-01 7.928844169246646034e-01 1.000000000000000000e+01
2.621799597031795326e-01 8.151702786377709176e-01 1.100000000000000000e+01
2.603823862500833086e-01 8.256691759376457718e-01 1.200000000000000000e+01
2.501302200269420739e-01 7.952492141894925703e-01 1.300000000000000000e+01
2.328620007105516865e-01 7.651251078515961535e-01 1.400000000000000000e+01
2.213924148606811193e-01 7.253676470588235059e-01 1.500000000000000000e+01
2.062758213653354267e-01 6.741117450324610738e-01 1.600000000000000000e+01
2.053515656606521578e-01 6.254130593090055923e-01 1.700000000000000000e+01
1.992311972080319515e-01 5.851904304284052394e-01 1.800000000000000000e+01
1.965536166619757941e-01 5.407289614410356604e-01 1.900000000000000000e+01
1.680820168067226894e-01 5.263650420168066724e-01 2.000000000000000000e+01
1.177887462981243860e-01 5.584298240520294554e-01 2.100000000000000000e+01
7.068121757854556320e-02 6.134726436331604527e-01 2.200000000000000000e+01
1.966529286873985524e-02 6.662008242787561541e-01 2.300000000000000000e+01
6.682814302191464328e-02 7.073064206074586302e-01 2.500000000000000000e+01
2.457336191879941067e-01 7.937371030416723316e-01 3.000000000000000000e+01
2.583904272780219169e-01 7.903531529623550878e-01 3.100000000000000000e+01
1.875867842393124096e-01 7.647940618372586208e-01 3.200000000000000000e+01
2.068401874023945708e-01 7.448099947943779275e-01 3.700000000000000000e+01
2.038379711165903552e-01 7.878760126805213204e-01 3.800000000000000000e+01
2.014791756118505806e-01 8.021210820094460958e-01 3.900000000000000000e+01
8.196174313246080978e-02 6.795311376384294277e-01 4.100000000000000000e+01
6.965271756491581145e-02 6.771897960114999782e-01 4.300000000000000000e+01
1.288719946783236647e-01 6.497367670816307506e-01 4.400000000000000000e+01
1.820765117235705610e-01 5.943480049362402928e-01 4.500000000000000000e+01
2.976470588235294312e-01 4.584831038798498071e-01 4.700000000000000000e+01
4.492903310047658971e-01 3.783874126787230008e-01 4.900000000000000000e+01
4.840720758472578655e-01 3.479335812686606411e-01 5.000000000000000000e+01
5.179553903345724963e-01 3.250010933741526165e-01 5.100000000000000000e+01
5.478067226890755981e-01 3.020882352941176019e-01 5.200000000000000000e+01
5.726563991863505843e-01 2.850288513429366510e-01 5.300000000000000000e+01
6.480307431614620306e-01 1.304998789639312540e-01 5.400000000000000000e+01
8.162508304798896663e-01 1.127387949097971159e-01 5.500000000000000000e+01
6.802730686084879075e-01 7.557173739902149634e-02 5.700000000000000000e+01
7.815304621848739863e-01 8.355252100840336593e-02 5.800000000000000000e+01
8.417058823529411926e-01 1.346777493606138021e-01 6.100000000000000000e+01
5.685667318286831140e-01 3.695308334814288026e-02 6.200000000000000000e+01
5.722088235294117142e-01 6.750000000000000444e-02 6.300000000000000000e+01
6.662948560177208712e-01 8.262466158011322337e-02 6.400000000000000000e+01
7.610738639984704346e-01 1.006596137913453454e-01 6.500000000000000000e+01
7.097454996896337409e-01 4.085588052725745711e-02 6.600000000000000000e+01
8.114971473539248636e-01 1.228408420224277042e-01 6.700000000000000000e+01
7.248310690660787481e-01 1.469492851554164703e-01 6.800000000000000000e+01
6.738150263811973906e-01 1.277992412680416801e-01 6.900000000000000000e+01
6.123770537767061484e-01 1.240318510626366860e-01 7.000000000000000000e+01
5.561295106277804878e-01 1.309111880046136267e-01 7.100000000000000000e+01
4.913453996983409011e-01 1.285982905982905877e-01 7.200000000000000000e+01
4.294709883953581886e-01 1.391660664265706171e-01 7.300000000000000000e+01
3.367497189958785775e-01 1.678999625327838308e-01 7.400000000000000000e+01
2.918646928970263787e-01 1.795533047656148462e-01 7.500000000000000000e+01
2.859980059820538267e-01 1.435473579262213362e-01 7.600000000000000000e+01
2.589638655462184746e-01 1.211823529411764633e-01 7.700000000000000000e+01
2.664317091643524371e-01 1.419601110830598367e-01 7.800000000000000000e+01
4.292447748330101565e-01 2.593341952165481579e-01 7.900000000000000000e+01
5.990930072983594590e-01 3.694367163620485561e-01 8.100000000000000000e+01
6.741481687014428958e-01 4.026637069922308076e-01 8.300000000000000000e+01
7.855971479500891697e-01 4.407639419404125181e-01 8.400000000000000000e+01
9.521337669683257454e-01 4.960619343891402577e-01 8.500000000000000000e+01
6.988909237418504672e-01 9.585979049153907638e-01 8.700000000000000000e+01
9.845965202982601694e-01 5.995476387738194468e-01 9.000000000000000000e+01
9.400410513141426172e-01 5.980655819774718385e-01 9.100000000000000000e+01
9.340965759438103477e-01 6.160026338893767051e-01 9.200000000000000000e+01
8.728730699258291370e-01 6.336185100527126357e-01 9.300000000000000000e+01
9.672263771034086410e-01 6.540191284337696365e-01 9.400000000000000000e+01
6.756769816931511574e-01 6.965319208252020999e-01 9.500000000000000000e+01
6.064760180995474315e-01 7.103076923076921956e-01 9.600000000000000000e+01
5.626182237600922953e-01 7.518800461361014875e-01 9.700000000000000000e+01
4.383185520361991272e-01 7.142407239819004161e-01 9.800000000000000000e+01
3.731900032740368967e-01 6.891345629160755548e-01 9.900000000000000000e+01
2.428466585121761279e-01 6.257333481596797364e-01 1.000000000000000000e+02
1.978301886792452891e-01 5.892767295597484134e-01 1.010000000000000000e+02
2.104981639298829088e-01 5.555560174599875056e-01 1.020000000000000000e+02
2.948060621628564304e-01 4.056682935182806538e-01 1.040000000000000000e+02
6.723573391973611812e-01 2.812864211105002565e-02 1.050000000000000000e+02
7.871930680986086726e-01 9.059393051826539200e-02 1.070000000000000000e+02
9.842931796864531346e-01 3.719549778909285731e-01 1.100000000000000000e+02
9.379138321995463823e-01 2.523569427771108487e-01 1.150000000000000000e+02
9.653623304710696740e-01 3.004285370355508911e-01 1.170000000000000000e+02
9.831854436689929644e-01 3.556156530408773331e-01 1.200000000000000000e+02
9.341842910574633674e-01 2.436042162529751531e-01 1.210000000000000000e+02
7.919596765259776516e-01 9.082973302315276720e-02 1.240000000000000000e+02
3.483534909290819104e-01 3.658328752061572320e-02 1.250000000000000000e+02
4.414825715847454091e-01 7.423201446411302473e-02 1.260000000000000000e+02
4.805404798022360757e-01 4.882746221697848582e-02 1.270000000000000000e+02
4.393881407984880361e-01 1.018733758563666464e-01 1.290000000000000000e+02
4.212542199488491512e-01 1.385739130434782695e-01 1.300000000000000000e+02
3.427592182535862397e-01 2.481139886396457050e-01 1.310000000000000000e+02
3.065832975525976667e-01 3.056290253327608175e-01 1.320000000000000000e+02
2.471550021468441605e-01 4.222722198368398239e-01 1.330000000000000000e+02
2.185654471823735290e-01 4.870423501956208656e-01 1.340000000000000000e+02
2.046891155512085836e-01 4.154729635322062520e-01 1.360000000000000000e+02
1.878601663990658310e-01 4.018741789519778007e-01 1.370000000000000000e+02
1.745456274668315266e-01 3.517437823957391685e-01 1.380000000000000000e+02
1.737447588031752477e-01 2.706606961123549926e-01 1.390000000000000000e+02
2.091546870620270004e-01 1.443695190806070505e-01 1.400000000000000000e+02
2.136732421961971828e-01 1.107111368392928730e-01 1.430000000000000000e+02
3.996638655462184803e-02 3.190984393757503312e-01 1.450000000000000000e+02
3.367861167455488136e-01 3.458707620979426661e-02 1.460000000000000000e+02
4.224573282550430076e-01 4.631118634504161058e-02 1.470000000000000000e+02
5.674002146471099906e-01 1.241355343179843668e-01 1.480000000000000000e+02
6.002913165266106077e-01 1.768067226890756294e-01 1.490000000000000000e+02
4.404845616407482289e-01 1.767838629704755471e-01 1.510000000000000000e+02
4.100084311563655382e-01 1.689201634347233805e-01 1.520000000000000000e+02
3.860159260210634380e-01 1.894425892627793484e-01 1.530000000000000000e+02
3.672150875617422594e-01 2.153713515940727519e-01 1.540000000000000000e+02
3.399737468209040880e-01 2.322389039297727553e-01 1.550000000000000000e+02
4.505945490897611538e-02 3.006924129222350861e-01 1.560000000000000000e+02
1.922341628959275961e-01 2.789404223227752722e-01 1.580000000000000000e+02
1.868583487206541549e-01 2.754022685307306872e-01 1.590000000000000000e+02
1.764492221406155914e-01 2.752674100287106906e-01 1.600000000000000000e+02
1.785464895635673344e-01 2.736641366223909189e-01 1.610000000000000000e+02
9.874900186318872480e-03 4.682681217283293229e-01 1.630000000000000000e+02
1.704033197437390956e-01 1.877315084449621418e-01 1.640000000000000000e+02
1.916070799577316019e-01 2.034528002817893588e-01 1.650000000000000000e+02
1.173132887387076800e-01 1.912861181987449422e-01 1.670000000000000000e+02
1.115327651250524049e-01 2.152319407573005661e-01 1.680000000000000000e+02
1.484221848739495919e-01 2.633963025210083742e-01 1.690000000000000000e+02
1.508742444346159450e-01 3.095385522630104691e-01 1.700000000000000000e+02
1.391741047424454314e-01 3.439746209269813892e-01 1.710000000000000000e+02
1.487273855060477490e-01 3.579427271787449794e-01 1.720000000000000000e+02
1.472038519549831725e-01 3.659728506787330304e-01 1.730000000000000000e+02
1.125436229537686572e-01 4.424374887569706427e-01 1.740000000000000000e+02
9.601494696239151749e-02 4.538428158148504754e-01 1.750000000000000000e+02
1.231675527353798677e-01 4.428554278854398563e-01 1.770000000000000000e+02
1.574232249977616793e-01 4.538571044856298253e-01 1.780000000000000000e+02
1.093397840580565342e-02 5.867850610655496180e-01 1.800000000000000000e+02
2.137433917932365646e-01 5.580448099353864100e-01 1.810000000000000000e+02
1.521837919717243179e-02 5.854834637717748480e-01 1.830000000000000000e+02
1.551383017272617570e-01 4.083717840318879522e-01 1.840000000000000000e+02
1.204394432296944234e-01 3.536568716335128926e-01 1.850000000000000000e+02
1.119725827293668180e-01 3.094713186134052663e-01 1.860000000000000000e+02
9.969642242862057635e-02 2.677571379428964615e-01 1.870000000000000000e+02
7.526050420168066413e-02 2.563051573570604424e-01 1.880000000000000000e+02
1.671650743327192379e-02 5.612081744569641373e-01 1.890000000000000000e+02
1.897457413778635624e-02 3.547151128639758344e-01 1.900000000000000000e+02
2.582384313725490377e-01 6.791999999999999427e-02 1.910000000000000000e+02
2.119939278937381377e-01 8.894117647058823184e-02 1.920000000000000000e+02
7.355989956958393361e-02 2.327044476327116418e-01 1.930000000000000000e+02
1.172632781267847063e-01 2.999497430039976820e-01 1.940000000000000000e+02
1.325490196078431548e-01 2.831054880052579770e-01 1.950000000000000000e+02
1.470823734193416332e-01 2.666850970153074041e-01 1.960000000000000000e+02
2.160664819944598317e-02 3.659556786703601072e-01 1.970000000000000000e+02
2.337645170427721936e-02 3.483485978661127191e-01 1.980000000000000000e+02
1.287773933102652826e-02 3.855478662053056227e-01 1.990000000000000000e+02
9.081589366515836759e-02 2.327587669683258143e-01 2.000000000000000000e+02
5.263657957244655822e-02 3.079237110521167997e-01 2.010000000000000000e+02
3.585180370490737706e-02 3.275203119922002193e-01 2.020000000000000000e+02
5.006206577119036438e-02 3.090968040759610735e-01 2.030000000000000000e+02
2.379113951567323262e-02 5.882674666318855605e-01 2.040000000000000000e+02
2.080921626810961975e-02 5.477256065630999871e-01 2.050000000000000000e+02
1.405750165234633253e-01 8.396673276051993540e-01 2.060000000000000000e+02
1.050475380691041037e-02 6.011780165417021093e-01 2.070000000000000000e+02
1.747224892928939816e-02 6.413425399877632493e-01 2.080000000000000000e+02
1.879382929642445244e-01 1.018742791234140688e-01 2.100000000000000000e+02
2.035399788657978049e-01 9.804684748150756246e-02 2.110000000000000000e+02
2.742561934953622327e-01 6.527298344487494908e-02 2.120000000000000000e+02
5.270297299754523462e-02 2.959105373215746848e-01 2.130000000000000000e+02
1.234278326715301452e-02 4.313306861206021026e-01 2.140000000000000000e+02
2.270912034538586158e-02 5.790951610001798811e-01 2.150000000000000000e+02
4.939324395055763595e-02 7.106156138019890101e-01 2.160000000000000000e+02
2.141949334478316647e-01 9.013024187777300966e-01 2.170000000000000000e+02
4.822712418300653670e-02 6.985743464052287521e-01 2.180000000000000000e+02
2.648982611912689689e-01 3.785620915032679723e-01 2.190000000000000000e+02
2.548636570907432675e-01 3.392156862745097645e-01 2.200000000000000000e+02
2.486661714054163308e-01 7.652461673532788555e-02 2.210000000000000000e+02
1.942732890821698422e-01 1.036736095216296560e-01 2.220000000000000000e+02
2.814061240934729868e-01 6.077625570776255121e-02 2.230000000000000000e+02
2.533681630546955610e-01 7.554179566563468118e-02 2.250000000000000000e+02
2.821987294505601263e-01 6.171766645652489863e-02 2.260000000000000000e+02
4.010173880873103558e-01 2.065593784683684708e-01 2.270000000000000000e+02
2.408372593888814250e-01 8.487952618118185799e-02 2.280000000000000000e+02
3.047036584009785720e-01 3.755810074502390766e-02 2.290000000000000000e+02
3.078599221789883322e-01 5.682307164110780850e-02 2.300000000000000000e+02
9.443708609271524168e-02 2.368004155304506142e-01 2.310000000000000000e+02
4.007040296433534571e-02 3.860842982862435768e-01 2.320000000000000000e+02
5.915268634529624592e-03 5.977298789551921399e-01 2.330000000000000000e+02
2.817255966158512259e-01 9.523665096975018063e-01 2.340000000000000000e+02
2.667121848739495982e-01 9.487946428571428781e-01 2.360000000000000000e+02
7.479379795396419450e-02 7.701118925831201834e-01 2.370000000000000000e+02
8.907246911303706716e-02 7.894080767103079932e-01 2.380000000000000000e+02
1.039783281733746151e-01 7.792363261093910864e-01 2.390000000000000000e+02
9.745790080738178651e-02 7.928800461361015239e-01 2.400000000000000000e+02
6.740064520557348393e-02 7.570581371405038507e-01 2.410000000000000000e+02
6.315077755240026958e-02 7.085888148362793348e-01 2.420000000000000000e+02
4.672504699463573413e-02 6.593232772454267199e-01 2.430000000000000000e+02
2.384290589392098689e-02 6.427346867950720632e-01 2.440000000000000000e+02
5.025535795713634291e-02 6.576120991032071705e-01 2.460000000000000000e+02
5.061713106295149395e-02 3.447306501547987567e-01 2.480000000000000000e+02
3.066925943931291323e-02 4.883511586452763398e-01 2.490000000000000000e+02
2.859827519629296044e-02 4.175376496331574261e-01 2.500000000000000000e+02
5.727197409053250143e-02 2.998056789937486033e-01 2.510000000000000000e+02
2.921845770110164178e-02 6.068987736437331248e-01 2.520000000000000000e+02
7.573939535973751858e-02 7.327396297164283645e-01 2.530000000000000000e+02
4.354102549213170054e-02 3.685535102491144244e-01 2.540000000000000000e+02
3.946556400337913190e-02 3.993997599039615931e-01 2.550000000000000000e+02
5.403639679973469556e-02 3.826141027235418490e-01 2.560000000000000000e+02
1.255558682803264818e-02 5.544835350408106045e-01 2.570000000000000000e+02
1.932793756323167994e-02 4.297832056655586097e-01 2.580000000000000000e+02
1.566929133858267764e-02 5.389439555349698763e-01 2.590000000000000000e+02
1.359187097977067327e-02 5.719520835275473392e-01 2.600000000000000000e+02
2.610901241230437209e-02 6.033983501657543824e-01 2.610000000000000000e+02
2.405474328459707503e-02 5.632148928935736265e-01 2.620000000000000000e+02
1.658224459881460777e-01 1.933375820534063982e-01 2.630000000000000000e+02
2.554180653824304481e-01 8.207922326085832776e-02 2.640000000000000000e+02
2.174371720519193696e-01 9.222314277823806528e-02 2.650000000000000000e+02
2.717121153097000197e-01 1.106310868718348300e-01 2.660000000000000000e+02
2.214982071906192729e-01 9.629033821106695867e-02 2.670000000000000000e+02
2.002548640345886977e-01 1.018705199681420037e-01 2.680000000000000000e+02
9.604831001824658265e-02 2.301537926839864467e-01 2.690000000000000000e+02
2.142364824717765681e-02 3.227908496732025956e-01 2.700000000000000000e+02
1.369245133951016262e-02 4.928521152050563958e-01 2.710000000000000000e+02
1.579214038556599198e-02 4.811171527434503492e-01 2.720000000000000000e+02
9.472714386959603383e-03 3.748426647767540421e-01 2.730000000000000000e+02
5.693614344133375929e-03 3.698479605746041732e-01 2.740000000000000000e+02
3.131850513717963080e-01 8.009258213842158913e-02 2.750000000000000000e+02
3.446057571964956101e-01 8.203754693366707706e-02 2.760000000000000000e+02
2.337573448698908873e-01 8.942597016852844860e-02 2.770000000000000000e+02
2.039365555139253106e-01 9.989259398026725800e-02 2.780000000000000000e+02
3.279415866765115761e-01 1.009648043317745575e-01 2.790000000000000000e+02
3.224152510941324934e-01 8.672502039908018545e-02 2.800000000000000000e+02
3.928498823529411599e-01 8.017882352941176072e-02 2.810000000000000000e+02
4.027996855757893235e-01 4.801650727105986893e-02 2.820000000000000000e+02
3.936604658957600367e-01 2.125624266800737669e-02 2.830000000000000000e+02
4.002562469030933601e-01 1.466411835492319703e-02 2.840000000000000000e+02
3.364295676429567838e-01 2.405775699401099463e-02 2.850000000000000000e+02
9.436279516914018728e-02 1.825127681307456562e-01 2.860000000000000000e+02
8.603130059363195414e-02 2.440302212628170653e-01 2.870000000000000000e+02
8.262599854756717821e-02 2.467480029048656487e-01 2.880000000000000000e+02
3.090119931467732659e-02 3.927675613934894505e-01 2.890000000000000000e+02
2.103616119814760155e-01 1.020001970637501171e-01 2.900000000000000000e+02
8.926635822868474179e-02 2.381573033707865272e-01 2.910000000000000000e+02
1.237235583888727924e-01 1.935902636916835839e-01 2.920000000000000000e+02
2.029954109303295784e-01 1.112279237936309173e-01 2.930000000000000000e+02
2.838024417314095604e-01 4.960932297447281231e-02 2.940000000000000000e+02
2.321369838257883733e-01 8.087286527514231382e-02 2.950000000000000000e+02
2.634284499707741922e-01 7.297624740953291556e-02 2.960000000000000000e+02
2.179320987654320974e-01 9.529048656499636283e-02 2.970000000000000000e+02
2.022523403660751729e-01 9.890736342042755203e-02 2.980000000000000000e+02
1.928927076448556932e-01 1.174245428508482042e-01 2.990000000000000000e+02
2.853062412104165890e-01 6.402502303477038137e-02 3.000000000000000000e+02
2.607270548287226597e-01 6.540097872765404663e-02 3.010000000000000000e+02
2.084179930795847790e-01 9.962629757785468332e-02 3.020000000000000000e+02
6.827628083491460442e-02 2.797358633776091397e-01 3.030000000000000000e+02
7.102466793168879522e-02 2.867188488298545446e-01 3.040000000000000000e+02
2.485425812115891198e-01 8.040093649400058273e-02 3.050000000000000000e+02
2.104451324389405020e-01 1.004568283453732419e-01 3.060000000000000000e+02
1.757893637028523637e-01 9.513948385748616232e-02 3.070000000000000000e+02
3.326204449297119892e-01 2.926027023338337654e-02 3.080000000000000000e+02
2.399599630428087549e-01 8.136433631044040493e-02 3.090000000000000000e+02
2.412836691770133823e-01 8.518216975371463440e-02 3.100000000000000000e+02
9.351553829078801394e-02 2.407685904550499467e-01 3.110000000000000000e+02
7.862891207153502315e-02 2.434207065836766770e-01 3.120000000000000000e+02
2.018738241565282976e-01 1.059852000501693287e-01 3.130000000000000000e+02
1.401814155264994102e-02 3.466850711403695051e-01 3.140000000000000000e+02
3.729949829128190175e-02 3.392321675270850156e-01 3.150000000000000000e+02
1.904332041407055115e-02 4.834577834469901414e-01 3.160000000000000000e+02
4.754886666054877753e-02 3.505882352941176450e-01 3.170000000000000000e+02
2.026336343666097217e-01 9.653404930436905451e-02 3.180000000000000000e+02
6.046797627469119307e-02 3.397094193829243158e-01 3.190000000000000000e+02
6.254818523153943266e-02 3.168911138923654613e-01 3.200000000000000000e+02
6.791114500905710838e-02 2.760816093049861530e-01 3.210000000000000000e+02
2.019727281775654526e-01 1.044829302279287331e-01 3.220000000000000000e+02
2.095258103241296466e-01 1.050920368147258838e-01 3.230000000000000000e+02
2.036156862745097940e-01 9.929411764705882437e-02 3.240000000000000000e+02
2.824424220855152878e-01 5.511312217194570123e-02 3.250000000000000000e+02
2.375187632304830432e-01 8.933991917377638592e-02 3.260000000000000000e+02
2.568675568386863950e-01 7.413063875857091312e-02 3.270000000000000000e+02
2.035459429673508736e-01 9.812095329935252574e-02 3.280000000000000000e+02
2.518375845913586875e-01 7.936342678664386197e-02 3.290000000000000000e+02
2.287862830721808238e-01 8.449396352427433754e-02 3.300000000000000000e+02
2.039977155910907836e-01 1.111422044545973681e-01 3.310000000000000000e+02
1.967697396807133459e-01 1.073292104127714641e-01 3.320000000000000000e+02
2.041466445733222668e-01 9.746064623032310581e-02 3.330000000000000000e+02
2.512299465240641627e-01 8.084478440398024102e-02 3.340000000000000000e+02
9.096800258564964603e-02 2.389786683904331077e-01 3.350000000000000000e+02
9.499374217772216245e-02 2.442277847309136385e-01 3.360000000000000000e+02
2.165690984698614985e-02 3.100956841212806903e-01 3.370000000000000000e+02
1.750678028220634119e-01 1.732921018874839791e-01 3.380000000000000000e+02
3.692288680177953364e-02 6.265043664524633238e-01 3.390000000000000000e+02
8.385647538037617477e-02 7.394836468192165224e-01 3.400000000000000000e+02
7.328802437309585305e-02 2.708835247246308975e-01 3.410000000000000000e+02
5.125638994888041117e-02 3.434372525019799838e-01 3.420000000000000000e+02
1.977612792689891624e-02 6.007447173043974908e-01 3.430000000000000000e+02
2.415432008214757342e-02 5.991814581194073730e-01 3.440000000000000000e+02
3.491326464066779600e-02 3.904943263336376758e-01 3.450000000000000000e+02
2.946379122262314521e-02 6.652916002349583691e-01 3.460000000000000000e+02
2.094672856937730351e-02 5.130378595701909905e-01 3.470000000000000000e+02
3.323821775230967335e-02 4.405558804038514076e-01 3.480000000000000000e+02
2.664795689268073531e-02 3.796924113156713299e-01 3.490000000000000000e+02
3.309310479158551060e-02 4.564043630697312004e-01 3.500000000000000000e+02
4.568136196163130047e-01 2.397662304662685762e-02 3.510000000000000000e+02
3.157703081232492992e-01 3.593137254901961064e-02 3.520000000000000000e+02
2.026503487300960749e-01 1.119278852480589531e-01 3.530000000000000000e+02
3.066853004700800245e-01 3.766484563587853968e-02 3.540000000000000000e+02
2.994480755265068739e-01 5.052723311546841040e-02 3.550000000000000000e+02
2.116114029799328333e-01 9.095857376625612889e-02 3.560000000000000000e+02
2.594913653534808295e-01 7.518078791149487849e-02 3.570000000000000000e+02
2.030699443956687222e-01 1.090459467369037094e-01 3.580000000000000000e+02
1.952121504339440761e-01 1.053206364513018384e-01 3.590000000000000000e+02
2.031102417213916378e-01 1.042196451026966564e-01 3.600000000000000000e+02
3.926660813579163078e-01 1.459613696224758561e-01 3.610000000000000000e+02
3.185854886701762201e-01 3.156328679331654730e-02 3.620000000000000000e+02
3.126526082130965389e-01 4.188477449298758787e-02 3.630000000000000000e+02
2.847929411764705820e-01 4.782588235294117640e-02 3.640000000000000000e+02
2.810527184225724007e-01 6.133652338915930591e-02 3.650000000000000000e+02
7.024383523901363280e-02 2.847968039674886320e-01 3.660000000000000000e+02
7.146492001511524361e-02 2.939496997942646073e-01 3.670000000000000000e+02
1.666284504806420444e-02 3.292371461328159610e-01 3.680000000000000000e+02
9.180733162830349847e-02 2.377266268826371265e-01 3.690000000000000000e+02
3.435390549662487719e-02 3.457377049180327400e-01 3.700000000000000000e+02
9.956875354643465736e-02 2.363873652354832600e-01 3.710000000000000000e+02
1.430363680742006427e-01 4.065576438044097296e-01 3.720000000000000000e+02
2.201591887913645629e-01 4.293365316469497928e-01 3.730000000000000000e+02
2.477784960137901227e-01 4.214565826330532450e-01 3.740000000000000000e+02
2.744226579520697151e-01 4.012315101479188018e-01 3.750000000000000000e+02
3.110032952394306549e-01 4.109696417303512206e-01 3.760000000000000000e+02
3.366822429906541903e-01 3.983232545354590259e-01 3.770000000000000000e+02
5.739346761897119037e-02 3.154321483027044404e-01 3.780000000000000000e+02
5.731409544950055376e-03 3.999866814650388513e-01 3.790000000000000000e+02
3.722422584255689199e-02 3.771894043029473953e-01 3.800000000000000000e+02
3.201952146497365204e-02 5.478543664161700244e-01 3.810000000000000000e+02
2.426089606827187221e-03 5.250309864878593968e-01 3.820000000000000000e+02
2.660860992441669431e-02 6.307492605980938860e-01 3.830000000000000000e+02
2.407291754578445159e-02 5.560367963541227310e-01 3.840000000000000000e+02
5.220822157070675179e-02 6.796506768136734156e-01 3.850000000000000000e+02
1.356609586587375349e-01 8.173819588736833675e-01 3.860000000000000000e+02
1.190545712260807909e-01 8.170248051027640956e-01 3.870000000000000000e+02
5.273093267725340733e-02 7.279825542384253945e-01 3.880000000000000000e+02
8.961280714817572435e-02 7.614892032762471397e-01 3.890000000000000000e+02
5.223331685615422576e-02 6.826712802768165611e-01 3.900000000000000000e+02
1.395132159592375187e-01 8.516191256084800765e-01 3.910000000000000000e+02
9.057578586990351621e-02 7.802023031434796030e-01 3.920000000000000000e+02
2.743645606390704428e-02 6.907209348385818792e-01 3.930000000000000000e+02
5.828465335325816454e-02 7.220948240728162215e-01 3.940000000000000000e+02
5.682851694293678153e-03 5.279037699867976663e-01 3.950000000000000000e+02
2.009382486026084491e-02 6.757772158637210813e-01 3.960000000000000000e+02
2.487763132008656286e-01 9.309049773755655455e-01 3.970000000000000000e+02
4.124991946395206721e-02 6.951704142774305373e-01 3.980000000000000000e+02
1.162173568979161242e-01 8.004009496175151783e-01 3.990000000000000000e+02
5.447562511243029398e-02 7.294333513221802345e-01 4.000000000000000000e+02
7.810808727160588327e-02 7.637606969393261336e-01 4.010000000000000000e+02
2.176895306859205625e-02 6.131492885963050199e-01 4.020000000000000000e+02
2.287378132565595912e-01 8.005888896159131518e-02 4.030000000000000000e+02
2.443681660899653940e-01 7.856608996539792000e-02 4.040000000000000000e+02
9.584580926559001235e-02 2.407898149239655894e-01 4.050000000000000000e+02
1.132457568007440019e-01 2.085607998139967223e-01 4.060000000000000000e+02
4.117138131388099753e-02 7.253369523728742108e-01 4.070000000000000000e+02
5.981334841628959537e-02 7.429892533936651722e-01 4.080000000000000000e+02
5.706487740893956273e-02 7.236414085359701431e-01 4.090000000000000000e+02
1.328291316526610533e-01 8.339574229691877338e-01 4.100000000000000000e+02
1.754473406128918556e-01 7.763508277562523041e-01 4.110000000000000000e+02
9.693700406064896524e-02 7.612703498118690293e-01 4.120000000000000000e+02
9.886169995228682658e-03 5.609188194397110028e-01 4.130000000000000000e+02
7.550397456279810127e-02 7.523243243243243894e-01 4.140000000000000000e+02
3.880942788074133454e-02 3.496635777598710582e-01 4.150000000000000000e+02
5.982682123944468855e-02 3.043237440961786278e-01 4.160000000000000000e+02
7.249416212609807730e-02 2.901701323251417719e-01 4.170000000000000000e+02
6.669550173010380112e-02 7.252787389465590318e-01 4.180000000000000000e+02
2.608793820558526211e-02 4.381402257872846207e-01 4.190000000000000000e+02
8.821794204407427606e-03 3.736144369252125119e-01 4.200000000000000000e+02
5.882111861137898079e-02 3.087921890067502062e-01 4.210000000000000000e+02
9.340915447002889546e-03 3.691479444392654075e-01 4.220000000000000000e+02
1.360606565572404676e-02 3.215789035160806497e-01 4.230000000000000000e+02
2.251531478337884529e-01 8.145102959628017225e-02 4.240000000000000000e+02
2.257419354838709480e-01 9.234914611005692886e-02 4.250000000000000000e+02
2.026042033579898982e-01 1.082376423623341577e-01 4.260000000000000000e+02
2.348990472860763845e-01 8.130233371208810123e-02 4.270000000000000000e+02
2.777142857142856913e-01 5.543529411764705483e-02 4.280000000000000000e+02
2.060744297719087625e-01 9.569987995198078745e-02 4.290000000000000000e+02
3.145858585858585799e-01 3.992394533571003851e-02 4.300000000000000000e+02
2.073610960095683409e-01 9.339567250190279613e-02 4.310000000000000000e+02
2.071238334906154999e-01 1.035545769109782882e-01 4.320000000000000000e+02
2.143544210136884981e-02 4.481335553089160206e-01 4.330000000000000000e+02
1.641330553793165781e-01 1.361062267742227938e-01 4.340000000000000000e+02
2.165160944924044567e-02 4.695375761225991651e-01 4.350000000000000000e+02
2.103398478867815613e-02 5.216616925002406369e-01 4.360000000000000000e+02
5.539083433960094727e-01 2.833649588867805102e-02 4.370000000000000000e+02
1.970718375845913750e-01 1.026704841228526927e-01 4.380000000000000000e+02
3.043454461240473474e-01 5.878984378289612428e-02 4.390000000000000000e+02
1.023771270622786528e-01 2.225861622181912469e-01 4.400000000000000000e+02
3.955882352941176433e-02 3.356143263757115358e-01 4.410000000000000000e+02
1.167495451788963003e-02 6.337647058823530077e-01 4.420000000000000000e+02
1.226356753322390969e-01 8.091290305501138702e-01 4.430000000000000000e+02
1.405942224217931469e-01 8.324038317617123983e-01 4.440000000000000000e+02
8.354275908094192793e-02 7.106950138240060166e-01 4.450000000000000000e+02
8.548659594985535959e-02 7.682491803278688192e-01 4.460000000000000000e+02
1.661839608508938401e-02 5.801208429042244985e-01 4.470000000000000000e+02
3.003986850388193006e-02 4.469832832062670125e-01 4.480000000000000000e+02
3.776762275157997256e-02 3.572017501215362656e-01 4.490000000000000000e+02
7.434972996642826015e-02 2.618785578747628295e-01 4.500000000000000000e+02
3.583551892094417185e-02 5.312514050206069705e-01 4.510000000000000000e+02
3.557439446366782165e-02 6.839982698961937224e-01 4.520000000000000000e+02
4.872142405349236260e-02 7.192391795427848233e-01 4.530000000000000000e+02
7.485229899820190075e-03 5.433007963010531016e-01 4.540000000000000000e+02
3.397202870462521368e-02 6.093090985281022220e-01 4.550000000000000000e+02
1.551213492389962902e-02 5.528136569313040205e-01 4.560000000000000000e+02
3.665319829983732652e-02 3.896510468594217014e-01 4.570000000000000000e+02
3.132615546218487507e-02 3.857563025210084540e-01 4.580000000000000000e+02
3.786764705882352672e-02 3.746266968325792091e-01 4.590000000000000000e+02
2.211314216408212796e-01 8.845707355106990910e-02 4.600000000000000000e+02
1.729411764705882371e-01 1.425615444415651578e-01 4.610000000000000000e+02
1.188664333295698372e-02 5.562741334537654181e-01 4.620000000000000000e+02
1.804923886487502099e-02 4.772125540311971115e-01 4.630000000000000000e+02
1.955699508933235811e-02 5.092007104795737149e-01 4.640000000000000000e+02
1.657203880039156280e-02 5.351944469164368057e-01 4.650000000000000000e+02
2.710640882859167641e-02 6.505932975599878487e-01 4.660000000000000000e+02
8.552544613350957295e-03 6.219178233090989494e-01 4.670000000000000000e+02
8.252047179024867007e-02 7.665427090376379926e-01 4.680000000000000000e+02
7.240916338004531327e-02 7.541931694218343418e-01 4.690000000000000000e+02
6.616718266253869551e-02 7.061572755417957481e-01 4.700000000000000000e+02
8.558668730650155487e-02 7.777739938080495685e-01 4.710000000000000000e+02
1.731389843699331910e-01 8.561048057591282845e-01 4.720000000000000000e+02
2.449448244414044740e-01 9.301741906064752152e-01 4.730000000000000000e+02
8.964541914326706884e-02 7.972029787524765876e-01 4.740000000000000000e+02
2.338594367788267570e-01 9.095804082950051939e-01 4.750000000000000000e+02
2.841505739966182845e-02 6.365088546765150790e-01 4.760000000000000000e+02
3.385644900161900034e-02 6.137441985968699054e-01 4.770000000000000000e+02
1.752462070801171293e-02 5.620069204152249309e-01 4.780000000000000000e+02
1.952920751633986998e-02 6.260866013071895164e-01 4.790000000000000000e+02
3.484000659087164303e-02 4.659054209919261669e-01 4.800000000000000000e+02
1.656608757492634629e-02 4.704978157065935473e-01 4.810000000000000000e+02
2.266938458551737492e-02 4.116695787225781444e-01 4.820000000000000000e+02
6.150579763858738530e-02 3.387239900460634057e-01 4.830000000000000000e+02
9.603802176608347563e-02 2.328474996555999488e-01 4.840000000000000000e+02
2.621309655937846886e-02 3.812075471698113116e-01 4.850000000000000000e+02
3.235973373182991514e-03 4.267898383371824811e-01 4.860000000000000000e+02
5.987827101100662991e-02 6.894329032728332418e-01 4.870000000000000000e+02
6.902586566541510371e-02 7.288694201084690016e-01 4.880000000000000000e+02
2.175412067140480507e-02 5.177982761227883923e-01 4.890000000000000000e+02
1.330503335354760522e-02 4.374166161309884782e-01 4.900000000000000000e+02
9.845621506521160665e-03 5.298030343359063643e-01 4.910000000000000000e+02
8.648772130211307765e-03 6.126282124500285198e-01 4.920000000000000000e+02
2.007209840457922501e-01 1.055900621118012472e-01 4.930000000000000000e+02
2.082674484584830787e-01 9.293171931151882059e-02 4.940000000000000000e+02
3.654204414954701635e-02 3.740615031261962375e-01 4.950000000000000000e+02
1.682695602512849706e-02 5.463986293546545525e-01 4.960000000000000000e+02
7.779352704937396445e-02 2.501488306165839948e-01 4.970000000000000000e+02
3.409611687812379999e-01 2.524605920799692302e-02 4.980000000000000000e+02
5.378291316526611077e-01 2.974789915966386325e-03 4.990000000000000000e+02
1.973983076766235023e-01 1.041737180140687169e-01 5.000000000000000000e+02
2.042158788859355090e-01 9.795446665896220817e-02 5.010000000000000000e+02
2.362510874657030024e-01 7.690691293582278820e-02 5.030000000000000000e+02
3.259345351043643202e-01 3.503083491461100873e-02 5.040000000000000000e+02
3.413599259446267742e-01 3.093663216359504933e-02 5.050000000000000000e+02
3.369411764705881884e-01 2.263529411764705554e-02 5.060000000000000000e+02
3.286635822868472778e-01 2.757699933906146775e-02 5.070000000000000000e+02
3.230610805473268510e-01 3.804203695866836127e-02 5.080000000000000000e+02
2.003128636069812507e-01 1.001008403361344640e-01 5.090000000000000000e+02
3.017006802721088343e-01 5.964385754301720216e-02 5.100000000000000000e+02
2.938241512249720189e-01 4.993408780002486780e-02 5.110000000000000000e+02
2.562834224598930719e-02 4.436662472475621510e-01 5.120000000000000000e+02
8.478397234846059283e-02 2.633194648915061498e-01 5.130000000000000000e+02
8.175558595531236261e-02 7.816339869281045960e-01 5.140000000000000000e+02
2.331104289388533923e-01 9.105119057496058321e-01 5.150000000000000000e+02
1.664297138795095207e-02 6.027723476097387456e-01 5.160000000000000000e+02
1.521891530176534488e-02 5.877726085016888868e-01 5.170000000000000000e+02
2.460498067840274569e-02 5.357084585659080966e-01 5.180000000000000000e+02
1.608842263019857541e-02 4.953390783064818281e-01 5.190000000000000000e+02
4.501861504095309302e-02 3.558780980746729106e-01 5.200000000000000000e+02
2.631211388665054968e-02 4.061026054257319551e-01 5.210000000000000000e+02
1.841464944186629871e-02 5.067151636774112067e-01 5.220000000000000000e+02
2.844093735054997740e-02 6.679483500717360300e-01 5.230000000000000000e+02
4.090752361906075871e-03 5.560968209089027781e-01 5.240000000000000000e+02
1.069557750107342185e-02 5.454443967367968993e-01 5.250000000000000000e+02
4.142201024553965327e-02 3.392845786963433752e-01 5.260000000000000000e+02
4.518143285433681017e-02 3.564395740721595929e-01 5.270000000000000000e+02
6.807646260675233318e-02 7.293782424774523099e-01 5.280000000000000000e+02
6.853649444568701843e-02 7.583970774621636712e-01 5.290000000000000000e+02
6.933701165791580912e-02 7.319195514817121717e-01 5.300000000000000000e+02
7.325943810359965280e-02 2.709668568920105547e-01 5.310000000000000000e+02
8.343204868154158182e-02 2.442190669371196721e-01 5.320000000000000000e+02
1.049130074565037402e-01 2.297707815520574348e-01 5.330000000000000000e+02
1.948383247822455533e-01 1.112134590144374241e-01 5.340000000000000000e+02
2.436771810173344599e-01 7.345410628019323485e-02 5.350000000000000000e+02
1.985108846688281581e-01 1.113223714682723547e-01 5.360000000000000000e+02
5.348376157558366872e-02 3.121038215729751153e-01 5.370000000000000000e+02
3.405572755417956860e-03 5.168458962532380685e-01 5.380000000000000000e+02
1.166210670314637467e-02 5.727992476060191906e-01 5.390000000000000000e+02
3.000625782227784796e-02 6.551188986232791001e-01 5.400000000000000000e+02
5.818715510156158288e-02 6.865281202301279917e-01 5.410000000000000000e+02
1.390780873753010016e-02 5.630392156862744635e-01 5.420000000000000000e+02
1.123576044234228348e-02 5.797695023649324098e-01 5.430000000000000000e+02
1.987865998417304159e-02 5.193497757847533869e-01 5.440000000000000000e+02
2.889289253220430828e-02 6.266624628411855413e-01 5.450000000000000000e+02
2.909001184366364137e-02 6.302881958152388719e-01 5.460000000000000000e+02
2.211157289002557355e-02 5.359766624040920302e-01 5.470000000000000000e+02
3.499478778853313404e-02 3.546388682055100494e-01 5.480000000000000000e+02
1.236114911080711393e-01 1.792859097127222912e-01 5.490000000000000000e+02
2.386777063766683249e-01 8.368264953040040199e-02 5.500000000000000000e+02
2.419354838709677491e-01 7.396696059828106184e-02 5.510000000000000000e+02
3.508034953111679455e-01 3.423273657289002680e-02 5.520000000000000000e+02
2.194257960064759927e-01 8.597517539125743014e-02 5.530000000000000000e+02
2.013878676470588214e-01 1.026599264705882336e-01 5.540000000000000000e+02
5.494604194034934386e-01 7.747774047584293951e-03 5.550000000000000000e+02
3.200286445012787695e-01 3.752429667519181777e-02 5.560000000000000000e+02
2.407118358894712873e-01 7.554520157898142463e-02 5.570000000000000000e+02
2.867551150895140677e-01 6.341304347826086374e-02 5.580000000000000000e+02
2.430463995943204780e-01 8.163666328600405198e-02 5.590000000000000000e+02
2.552189395937747296e-01 6.808757583750989217e-02 5.600000000000000000e+02
3.176054401545836403e-01 5.502582587046189050e-02 5.610000000000000000e+02
2.025238623751387523e-01 1.010943396226414992e-01 5.620000000000000000e+02
2.687615664243225289e-01 6.040069398545935137e-02 5.630000000000000000e+02
2.546796174240547050e-01 7.778779919718520341e-02 5.640000000000000000e+02
2.634389140271493068e-01 6.391535799840297738e-02 5.650000000000000000e+02
2.158052201012855553e-01 8.766653681340084991e-02 5.660000000000000000e+02
3.843953276911240419e-02 4.235210183954675744e-01 5.670000000000000000e+02
2.625554298642533979e-01 6.240158371040724350e-02 5.680000000000000000e+02
2.074107591754650592e-01 9.965811965811964546e-02 5.690000000000000000e+02
2.189251085049404300e-01 9.897866839043309439e-02 5.700000000000000000e+02
1.961255171022096844e-01 1.067985067097164675e-01 5.710000000000000000e+02
2.609816716246041723e-01 6.533346128010747433e-02 5.720000000000000000e+02
3.281323667754966755e-01 4.051242321952298886e-02 5.730000000000000000e+02
2.906771373536820025e-01 5.553316540722082889e-02 5.740000000000000000e+02
2.802283737024221510e-01 4.945559400230680608e-02 5.750000000000000000e+02
5.159428257284222330e-02 3.328752061572292087e-01 5.760000000000000000e+02
5.751163774862463191e-02 3.095659942634128026e-01 5.770000000000000000e+02
4.135308714056341872e-02 3.388965114581812821e-01 5.780000000000000000e+02
4.920085139318885331e-02 3.311513157894737103e-01 5.790000000000000000e+02
6.746262141220124575e-02 2.695820146240314186e-01 5.800000000000000000e+02
1.655241935483870927e-02 4.394758064516129381e-01 5.810000000000000000e+02
3.382849914159211796e-02 5.707557001295141541e-01 5.820000000000000000e+02
1.451234626751835184e-02 4.321365239775002420e-01 5.830000000000000000e+02
3.819349683447046534e-02 5.656082119368123218e-01 5.840000000000000000e+02
3.479527104959630884e-02 3.760640138408304356e-01 5.850000000000000000e+02
1.198892733564013886e-02 6.099100346020760455e-01 5.860000000000000000e+02
1.512793881597582907e-02 5.505957888773487241e-01 5.870000000000000000e+02
6.886065506146357706e-02 7.122234139097434191e-01 5.880000000000000000e+02
5.605042016806723038e-02 2.942960745942212464e-01 5.890000000000000000e+02
6.524199553239017069e-02 3.046526965216466709e-01 5.900000000000000000e+02
6.255995080959213250e-02 3.004878048780487698e-01 5.910000000000000000e+02
8.588758169934640474e-02 2.577376906318082916e-01 5.920000000000000000e+02
7.743079584775086621e-02 2.799754901960784248e-01 5.930000000000000000e+02
1.139001893592327952e-01 3.160100177142508571e-01 5.940000000000000000e+02
1.288429092567259515e-01 3.194767441860465462e-01 5.950000000000000000e+02
1.519373619755069460e-01 3.306725557117045078e-01 5.960000000000000000e+02
1.742543859649123006e-01 3.297084623323013886e-01 5.970000000000000000e+02
1.721452685421994977e-01 3.663386189258311942e-01 5.980000000000000000e+02
1.315675899989625364e-01 4.477788152297956237e-01 5.990000000000000000e+02
1.026299770172060255e-01 4.566817814771104156e-01 6.000000000000000000e+02
1.018222506393861998e-01 4.225511508951406703e-01 6.010000000000000000e+02
1.092533206831119430e-01 3.666442125237191485e-01 6.020000000000000000e+02
8.652003410059676269e-02 2.590063086104006929e-01 6.030000000000000000e+02
3.539071635568661472e-02 2.853525852864914336e-01 6.040000000000000000e+02
4.920932961713363890e-02 3.109931054716150722e-01 6.050000000000000000e+02
2.330175210902011851e-01 8.418215826239645871e-02 6.060000000000000000e+02
2.102227063664972029e-01 9.920116194625998307e-02 6.070000000000000000e+02
2.162096904877653381e-01 8.930481283422458949e-02 6.080000000000000000e+02
2.019878980259894596e-01 1.038389048705485596e-01 6.090000000000000000e+02
2.789087465972304308e-02 2.995739140726713101e-01 6.100000000000000000e+02
3.715875330848592700e-02 3.518435693836763356e-01 6.120000000000000000e+02
1.832567451615978449e-01 1.460511011535894632e-01 6.130000000000000000e+02
2.707097970536725962e-01 5.542598125064386594e-02 6.140000000000000000e+02
2.704835284239640592e-01 6.863337778436311154e-02 6.150000000000000000e+02
8.816315205327412974e-02 2.488970588235294157e-01 6.160000000000000000e+02
5.413299522872109387e-02 3.224970805111607719e-01 6.170000000000000000e+02
1.740308226611677819e-02 5.056149337963967705e-01 6.180000000000000000e+02
1.562761302868254792e-02 5.022197374817696236e-01 6.190000000000000000e+02
2.574803524648725667e-02 5.020785901405095952e-01 6.200000000000000000e+02
3.826999339061466776e-02 3.859005287508261994e-01 6.210000000000000000e+02
5.326884365913665820e-02 3.309080742563185185e-01 6.220000000000000000e+02
1.257003429174360365e-01 8.184885254550250400e-01 6.230000000000000000e+02
1.397577169481654114e-01 8.400885264997088875e-01 6.240000000000000000e+02
3.208064234595915665e-02 6.082928957933321223e-01 6.250000000000000000e+02
1.944642857142857284e-01 1.038718487394958007e-01 6.260000000000000000e+02
2.142822450080950070e-01 9.823799244468428560e-02 6.270000000000000000e+02
3.113342898134863757e-01 4.123892311587475795e-02 6.280000000000000000e+02
2.416249424051604977e-01 7.537091076639532150e-02 6.290000000000000000e+02
3.056100618057656648e-01 5.871288412499459791e-02 6.300000000000000000e+02
1.928943380630940840e-01 1.089185838269734058e-01 6.310000000000000000e+02
6.651934570619691400e-02 2.848946209499842452e-01 6.320000000000000000e+02
1.350068399452804269e-02 3.538447332421340574e-01 6.330000000000000000e+02
2.796218487394958041e-02 5.555744297719087399e-01 6.340000000000000000e+02
3.758756357355340361e-02 4.148776508972267796e-01 6.350000000000000000e+02
9.474640212379488446e-02 2.422551348330305721e-01 6.360000000000000000e+02
2.981668567704090153e-02 3.978344467981098087e-01 6.370000000000000000e+02
3.009218304328056121e-02 4.487280393534785472e-01 6.380000000000000000e+02
2.230254583369536969e-01 8.586845077765227485e-02 6.390000000000000000e+02
3.617263129027835089e-01 2.558617852735499756e-02 6.400000000000000000e+02
2.720994993742177903e-01 6.053973717146433203e-02 6.410000000000000000e+02
2.028912524419362040e-01 9.729759062296504390e-02 6.420000000000000000e+02
3.556095201238390069e-01 2.797407120743034339e-02 6.430000000000000000e+02
7.189658781662131015e-02 2.704772870002093432e-01 6.440000000000000000e+02
2.775644686552739340e-02 5.606088828361814880e-01 6.450000000000000000e+02
7.652512660693416846e-03 6.088383326840669518e-01 6.460000000000000000e+02
2.767320261437908324e-02 5.916601307189541803e-01 6.480000000000000000e+02
3.486558975921975195e-02 5.973434928375495057e-01 6.490000000000000000e+02
2.926897408039733084e-02 4.419007708624347330e-01 6.500000000000000000e+02
3.659154194222067474e-02 4.224930386355725820e-01 6.510000000000000000e+02
2.045525140749369225e-02 5.621898660454280883e-01 6.520000000000000000e+02
2.896782698542772413e-02 5.414928563793779404e-01 6.530000000000000000e+02
8.091607130934098946e-02 2.651746010549509425e-01 6.540000000000000000e+02
9.192340865965155372e-02 2.532378816629290985e-01 6.550000000000000000e+02
3.215734569689944755e-01 3.690814256737177945e-02 6.560000000000000000e+02
2.504524064171123054e-01 6.921818181818181759e-02 6.570000000000000000e+02
5.880541244409217411e-02 3.209545377342467032e-01 6.580000000000000000e+02
2.056323200421108013e-02 3.974036057375970321e-01 6.590000000000000000e+02
5.928070710149344752e-02 2.952526668698567391e-01 6.600000000000000000e+02
5.993782879005260522e-02 3.073091025027897549e-01 6.610000000000000000e+02
2.548606093654147697e-01 6.789039601935792367e-02 6.620000000000000000e+02
2.595906610066707199e-01 7.522134627046694888e-02 6.630000000000000000e+02
2.551311126860382750e-01 7.729553508150248387e-02 6.640000000000000000e+02
2.495379163713678239e-01 7.206520198440821701e-02 6.650000000000000000e+02
2.535549872122762061e-01 7.991788935253735238e-02 6.660000000000000000e+02
2.398390972730122042e-02 4.286500888099467055e-01 6.670000000000000000e+02
1.152941176470588351e-02 5.251067538126361622e-01 6.680000000000000000e+02
2.403361344537814984e-02 5.210669722434427831e-01 6.690000000000000000e+02
1.222469011965322122e-02 5.434448663752955433e-01 6.700000000000000000e+02
6.958656584503584118e-03 5.438181282529706007e-01 6.710000000000000000e+02
2.659180808983029141e-03 5.495240525711369006e-01 6.720000000000000000e+02
3.314833759590792711e-02 3.714603580562659824e-01 6.730000000000000000e+02
2.034506181225377228e-02 3.860997147126749018e-01 6.740000000000000000e+02
1.228587295484642739e-02 3.564791319577939599e-01 6.750000000000000000e+02
6.598135144468746105e-02 2.832370208357315455e-01 6.760000000000000000e+02
1.962613244864106210e-01 1.041010590787291162e-01 6.770000000000000000e+02
2.040579455662862030e-01 1.100983318700614610e-01 6.780000000000000000e+02
2.540044873670861333e-02 6.174558579650765155e-01 6.790000000000000000e+02
2.362492719860221149e-02 5.717157833430401848e-01 6.800000000000000000e+02
1.960203019260801649e-01 1.049921915668922401e-01 6.810000000000000000e+02
2.543861408199643570e-01 7.130124777183600993e-02 6.820000000000000000e+02
3.111429767636592070e-01 4.544483985765124245e-02 6.830000000000000000e+02
2.040499269685300820e-01 9.702562740671889785e-02 6.840000000000000000e+02
1.287887568820631802e-02 3.526593740944654054e-01 6.850000000000000000e+02
6.762356856220025358e-02 2.925888225506508844e-01 6.860000000000000000e+02
4.632843137254902266e-02 3.180808823529411300e-01 6.870000000000000000e+02
1.637057914355850505e-02 5.249077188835348240e-01 6.880000000000000000e+02
7.143273150844496079e-03 5.308386721025043498e-01 6.890000000000000000e+02
9.738071194142892961e-02 7.900593284524110027e-01 6.900000000000000000e+02
1.057974789915966524e-01 7.739605042016807213e-01 6.910000000000000000e+02
8.559966317815469183e-02 7.809587393239504349e-01 6.920000000000000000e+02
9.877332751282330570e-02 7.712037542289642555e-01 6.930000000000000000e+02
1.230936428383012371e-01 8.178190451068318989e-01 6.940000000000000000e+02
6.667598155651809425e-03 5.578286991756322699e-01 6.950000000000000000e+02
1.698893418753640028e-02 5.350902737332556836e-01 6.960000000000000000e+02
2.831741018555072875e-02 6.004626924595340975e-01 6.970000000000000000e+02
4.192469625887164375e-02 6.836256465776495705e-01 6.980000000000000000e+02
1.120994256288373875e-01 7.892097445038621650e-01 6.990000000000000000e+02
6.032311516155758335e-02 7.340120132560066235e-01 7.000000000000000000e+02
1.875834136933461904e-01 8.671764705882353264e-01 7.010000000000000000e+02
2.602615428193749691e-01 9.391294495326220071e-01 7.020000000000000000e+02
1.738526618245670244e-02 6.230601005666852599e-01 7.030000000000000000e+02
4.206739006282124438e-02 6.061886065105653865e-01 7.040000000000000000e+02
5.090010335685075937e-02 6.294009796431941917e-01 7.050000000000000000e+02
9.507818803550159570e-02 7.811411226802934538e-01 7.060000000000000000e+02
1.365946085608474823e-02 4.656205322538971569e-01 7.070000000000000000e+02
1.626057365094798340e-02 5.099134662129314322e-01 7.080000000000000000e+02
2.798047489037809241e-02 5.787722346322494715e-01 7.090000000000000000e+02
5.161251358859765548e-02 7.239521681362484085e-01 7.100000000000000000e+02
1.830772308923569458e-01 8.746498599439775923e-01 7.110000000000000000e+02
2.929999021239111379e-01 9.411803856317900729e-01 7.120000000000000000e+02
3.016282822355875054e-02 6.658090068945283768e-01 7.130000000000000000e+02
1.474385450669509212e-01 8.447638398507760771e-01 7.140000000000000000e+02
1.830515275877792891e-01 8.710259917920657458e-01 7.150000000000000000e+02
2.160230179028133080e-01 9.201176470588235956e-01 7.160000000000000000e+02
5.405534922726728392e-03 5.452258296393913684e-01 7.170000000000000000e+02
1.997368074746677311e-02 5.456481115936308024e-01 7.180000000000000000e+02
1.018641659562375679e-01 7.734754191531685308e-01 7.190000000000000000e+02
9.503445043355987498e-02 7.814830091399109779e-01 7.200000000000000000e+02
3.224155610347931855e-01 9.580259089663809569e-01 7.210000000000000000e+02
4.978070979170484689e-02 3.349288375786451111e-01 7.220000000000000000e+02
2.014779781259237387e-02 4.061700660163562460e-01 7.230000000000000000e+02
2.548690064260998589e-02 5.583252595155708820e-01 7.240000000000000000e+02
7.119938884644766430e-03 5.671243042671614276e-01 7.250000000000000000e+02
2.031867736911465230e-02 5.362549418952916591e-01 7.260000000000000000e+02
2.121513394090030619e-02 6.248398232532449414e-01 7.270000000000000000e+02
1.072851824274013294e-01 8.012022834450236441e-01 7.280000000000000000e+02
1.400649087221095268e-01 8.211575388776201079e-01 7.290000000000000000e+02
8.457781636639895295e-02 2.522161927501628265e-01 7.300000000000000000e+02
2.821061848284645360e-02 6.128122263790495294e-01 7.310000000000000000e+02
